56
10
0
35
14
124
18
91
141
592
653
58
97
9
32
384
6
264
3383
279
502
8841
971
69
399
3751
582
9749
44
5923
78164
62
86
20
899
862
80
3
4
825
3421
17067
982
1480
8651
3
2823
6647
938
446
95
50
5822
3172
5
3594
81
28
48
111
74
502
841
27019
3
852
110
5559
644
622
9489
549
3038
196
442
56
10
0
35
14
124
18
91
141
592
653
58
97
9
32
384
6
264
3383
279
502
8841
971
69
399
3751
582
9749
44
5923
78164
62
86
20
899
862
80
3
4
825
3421
17067
982
1480
8651
3
2823
6647
938
446
95
50
5822
3172
5
3594
81
28
48
111
74
502
841
27019
3
852
110
5559
644
622
9489
549
3038
196
442
56
10
0
35
14
124
18
91
141
592
653
58
97
9
32
384
6
264
3383
279
502
8841
971
69
399
3751
582
9749
44
5923
78164
62
86
20
899
862
80
3
4
825
3421
17067
982
1480
8651
3
2823
6647
938
446
95
50
5822
3172
5
3594
81
28
48
111
74
502
841
27019
3
852
110
5559
644
622
9489
549
3038
196
442
56
10
0
35
14
124
18
91
141
592
653
58
97
9
32
384
6
264
3383
279
502
8841
971
69
399
3751
582
9749
44
5923
78164
62
86
20
899
862
80
3
4
825
3421
17067
982
1480
8651
3
2823
6647
938
446
95
50
5822
3172
5
3594
81
28
48
111
74
502
841
27019
3
852
110
5559
644
622
9489
549
3038
196
442
56
10
0
35
14
124
18
91
141
592
653
58
97
9
32
384
6
264
3383
279
502
8841
971
69
399
3751
582
9749
44
5923
78164
62
86
20
899
862
80
3
4
825
3421
17067
982
1480
8651
3
2823
6647
938
446
95
50
5822
3172
5
3594
81
28
48
111
74
502
841
27019
3
852
110
5559
644
622
9489
549
3038
196
442
56
10
0
35
14
124
18
91
141
592
653
58
97
9
32
384
6
264
3383
279
502
8841
971
69
399
3751
582
9749
44
5923
78164
62
86
20
899
862
80
3
4
825
3421
17067
982
1480
8651
3
2823
6647
938
446
95
50
5822
3172
5
3594
81
28
48
111
74
502
841
27019
3
852
110
5559
644
622
9489
549
3038
196
442
56
10
0
35
14
124
18
91
141
592
653
58
97
9
32
384
6
264
3383
279
502
8841
971
69
399
3751
582
9749
44
5923
78164
62
86
20
899
862
80
3
4
825
3421
17067
982
1480
8651
3
2823
6647
938
446
95
50
5822
3172
5
3594
81
28
48
111
74
502
841
27019
3
852
110
5559
644
622
9489
549
3038
196
442
56
10
0
35
14
124
18
91
141
592
653
58
97
9
32
384
6
264
3383
279
502
8841
971
69
399
3751
582
9749
44
5923
78164
62
86
20
899
862
80
3
4
825
3421
17067
982
1480
8651
3
2823
6647
938
446
95
50
5822
3172
5
3594
81
28
48
111
74
502
841
27019
3
852
110
5559
644
622
9489
549
3038
196
442
56
10
0
35
14
124
18
91
141
592
653
58
97
9
32
384
6
264
3383
279
502
8841
971
69
399
3751
582
9749
44
5923
78164
62
86
20
899
862
80
3
4
825
3421
17067
982
1480
8651
3
2823
6647
938
446
95
50
5822
3172
5
3594
81
28
48
111
74
502
841
27019
3
852
110
5559
644
622
9489
549
3038
196
442
56
10
0
35
14
124
18
91
141
592
653
58
97
9
32
384
6
264
3383
279
502
8841
971
69
399
3751
582
9749
44
5923
78164
62
86
20
899
862
80
3
4
825
3421
17067
982
1480
8651
3
2823
6647
938
446
95
50
5822
3172
5
3594
81
28
48
111
74
502
841
27019
3
852
110
5559
644
622
9489
549
3038
196
442
56
10
0
35
14
124
18
91
141
592
653
58
97
9
32
384
6
264
3383
279
502
8841
971
69
399
3751
582
9749
44
5923
78164
62
86
20
899
862
80
3
4
825
3421
17067
982
1480
8651
3
2823
6647
938
446
95
50
5822
3172
5
3594
81
28
48
111
74
502
841
27019
3
852
110
5559
644
622
9489
549
3038
196
442
56
10
0
35
14
124
18
91
141
592
653
58
97
9
32
384
6
264
3383
279
502
8841
971
69
399
3751
582
9749
44
5923
78164
62
86
20
899
862
80
3
4
825
3421
17067
982
1480
8651
3
2823
6647
938
446
95
50
5822
3172
5
3594
81
28
48
111
74
502
841
27019
3
852
110
5559
644
622
9489
549
3038
196
442
56
10
0
35
14
124
18
91
141
592
653
58
97
9
32
384
6
264
3383
279
502
8841
971
69
399
3751
582
9749
44
5923
78164
62
86
20
899
862
80
3
4
825
3421
17067
982
1480
8651
3
2823
6647
938
446
95
50
5822
3172
5
3594
81
28
48
111
74
502
841
27019
3
852
110
5559
644
622
9489
549
3038
196
442
56
10
0
35
14
124
18
91
141
592
653
58
97
9
32
384
6
264
3383
279
502
8841
971
69
399
3751
582
9749
44
5923
78164
62
86
20
899
862
80
3
4
825
3421
17067
982
1480
8651
3
2823
6647
938
446
95
50
5822
3172
5
3594
81
28
48
111
74
502
841
27019
3
852
110
5559
644
622
9489
549
3038
196
442
56
10
0
35
14
124
18
91
141
592
653
58
97
9
32
384
6
264
3383
279
502
8841
971
69
399
3751
582
9749
44
5923
78164
62
86
20
899
862
80
3
4
825
3421
17067
982
1480
8651
3
2823
6647
938
446
95
50
5822
3172
5
3594
81
28
48
111
74
502
841
27019
3
852
110
5559
644
622
9489
549
3038
196
442
56
10
0
35
14
124
18
91
141
592
653
58
97
9
32
384
6
264
3383
279
502
8841
971
69
399
3751
582
9749
44
5923
78164
62
86
20
899
862
80
3
4
825
3421
17067
982
1480
8651
3
2823
6647
938
446
95
50
5822
3172
5
3594
81
28
48
111
74
502
841
27019
3
852
110
5559
644
622
9489
549
3038
196
442
56
10
0
35
14
124
18
91
141
592
653
58
97
9
32
384
6
264
3383
279
502
8841
971
69
399
3751
582
9749
44
5923
78164
62
86
20
899
862
80
3
4
825
3421
17067
982
1480
8651
3
2823
6647
938
446
95
50
5822
3172
5
3594
81
28
48
111
74
502
841
27019
3
852
110
5559
644
622
9489
549
3038
196
442
56
10
0
35
14
124
18
91
141
592
653
58
97
9
32
384
6
264
3383
279
502
8841
971
69
399
3751
582
9749
44
5923
78164
62
86
20
899
862
80
3
4
825
3421
17067
982
1480
8651
3
2823
6647
938
446
95
50
5822
3172
5
3594
81
28
48
111
74
502
841
27019
3
852
110
5559
644
622
9489
549
3038
196
442
56
10
0
35
14
124
18
91
141
592
653
58
97
9
32
384
6
264
3383
279
502
8841
971
69
399
3751
582
9749
44
5923
78164
62
86
20
899
862
80
3
4
825
3421
17067
982
1480
8651
3
2823
6647
938
446
95
50
5822
3172
5
3594
81
28
48
111
74
502
841
27019
3
852
110
5559
644
622
9489
549
3038
196
442
56
10
0
35
14
124
18
91
141
592
653
58
97
9
32
384
6
264
3383
279
502
8841
971
69
399
3751
582
9749
44
5923
78164
62
86
20
899
862
80
3
4
825
3421
17067
982
1480
8651
3
2823
6647
938
446
95
50
5822
3172
5
3594
81
28
48
111
74
502
841
27019
3
852
110
5559
644
622
9489
549
3038
196
442
56
10
0
35
14
124
18
91
141
592
653
58
97
9
32
384
6
264
3383
279
502
8841
971
69
399
3751
582
9749
44
5923
78164
62
86
20
899
862
80
3
4
825
3421
17067
982
1480
8651
3
2823
6647
938
446
95
50
5822
3172
5
3594
81
28
48
111
74
502
841
27019
3
852
110
5559
644
622
9489
549
3038
196
442
56
10
0
35
14
124
18
91
141
592
653
58
97
9
32
384
6
264
3383
279
502
8841
971
69
399
3751
582
9749
44
5923
78164
62
86
20
899
862
80
3
4
825
3421
17067
982
1480
8651
3
2823
6647
938
446
95
50
5822
3172
5
3594
81
28
48
111
74
502
841
27019
3
852
110
5559
644
622
9489
549
3038
196
442
56
10
0
35
14
124
18
91
141
592
653
58
97
9
32
384
6
264
3383
279
502
8841
971
69
399
3751
582
9749
44
5923
78164
62
86
20
899
862
80
3
4
825
3421
17067
982
1480
8651
3
2823
6647
938
446
95
50
5822
3172
5
3594
81
28
48
111
74
502
841
27019
3
852
110
5559
644
622
9489
549
3038
196
442
56
10
0
35
14
124
18
91
141
592
653
58
97
9
32
384
6
264
3383
279
502
8841
971
69
399
3751
582
9749
44
5923
78164
62
86
20
899
862
80
3
4
825
3421
17067
982
1480
8651
3
2823
6647
938
446
95
50
5822
3172
5
3594
81
28
48
111
74
502
841
27019
3
852
110
5559
644
622
9489
549
3038
196
442